_viz_ace_editor = nengo_gui.components.AceEditor()
_viz_net_graph = nengo_gui.components.NetGraph()
_viz_sim_control = nengo_gui.components.SimControl()
_viz_config[_viz_sim_control].kept_time = 4
_viz_config[_viz_sim_control].shown_time = 0.5
_viz_config[l5_pos].pos=(-18.722483954305694, -4.773833257695674)
_viz_config[l5_pos].size=(1.50911999337185, 0.05931129835156646)
_viz_config[l5_size].pos=(-18.722483954305694, -5.283910423519149)
_viz_config[l5_size].size=(1.50911999337185, 0.05931129835156646)
_viz_config[model].pos=(53.34940901612674, 36.94555441574714)
_viz_config[model].size=(0.012105930004382976, 0.012105930004382976)
_viz_config[model].expanded=True
_viz_config[model].has_layout=True
_viz_config[model.ensembles[10]].pos=(14.47815589987501, 3.3577457463040865)
_viz_config[model.ensembles[10]].size=(1.6721626616386465, 2.3661261667132654)
_viz_config[model.ensembles[2]].pos=(-12.686003980818294, -4.773833257695674)
_viz_config[model.ensembles[2]].size=(1.50911999337185, 0.05931129835156646)
_viz_config[model.ensembles[3]].pos=(-12.686003980818294, -5.283910423519149)
_viz_config[model.ensembles[3]].size=(0.0980852315648909, 0.13879154121668286)
_viz_config[model.ensembles[4]].pos=(-11.848041280270111, -13.086700031766087)
_viz_config[model.ensembles[4]].size=(2.4021271119203784, 3.39903284870406)
_viz_config[model.ensembles[5]].pos=(8.441675926387607, -13.937428853012698)
_viz_config[model.ensembles[5]].size=(2.2192726758070798, 3.1402920719166567)
_viz_config[model.ensembles[6]].pos=(-11.848041280270111, 4.208474567550694)
_viz_config[model.ensembles[6]].size=(2.3033513539673427, 3.2592642060406827)
_viz_config[model.ensembles[7]].pos=(8.441675926387607, 3.3577457463040865)
_viz_config[model.ensembles[7]].size=(1.7968883172180639, 2.542614162825871)
_viz_config[model.ensembles[8]].pos=(-11.651870817140331, 20.377899002636624)
_viz_config[model.ensembles[8]].size=(2.053232513781331, 2.9053436538546027)
_viz_config[model.ensembles[9]].pos=(8.441675926387607, 20.498710969906796)
_viz_config[model.ensembles[9]].size=(2.017505925015366, 2.8547901888922196)
_viz_config[model.networks[0]].pos=(0.896075959528357, -13.937428853012698)
_viz_config[model.networks[0]].size=(3.0182399867437, 0.23724519340626585)
_viz_config[model.networks[0]].expanded=False
_viz_config[model.networks[0]].has_layout=False
_viz_config[model.networks[1]].pos=(0.896075959528357, 3.3577457463040865)
_viz_config[model.networks[1]].size=(3.0182399867437, 0.23724519340626585)
_viz_config[model.networks[1]].expanded=False
_viz_config[model.networks[1]].has_layout=False
_viz_config[model.networks[2]].pos=(0.896075959528357, 20.498710969906796)
_viz_config[model.networks[2]].size=(3.0182399867437, 0.23724519340626585)
_viz_config[model.networks[2]].expanded=False
_viz_config[model.networks[2]].has_layout=False
_viz_config[stim_g_len].pos=(-23.329159766122476, -14.460540107681261)
_viz_config[stim_g_len].size=(2.335276157693726, -0.6476649812068535)
_viz_config[stim_g_pos].pos=(-24.457139929118725, -13.43328281702438)
_viz_config[stim_g_pos].size=(1.2072959946974802, 0.04744903868125318)
_viz_config[stim_theta_curr].pos=(-25.66604010882363, -13.79625356614372)
_viz_config[stim_theta_curr].size=(-0.0016041850074289127, -0.6476649812068535)
_viz_config[stim_x_j_hat].pos=(-30.538424286141957, 14.82049240857519)
_viz_config[stim_x_j_hat].size=(2.8747449313006266, 2.129322156931496)