_viz_ace_editor = nengo_gui.components.AceEditor()
_viz_net_graph = nengo_gui.components.NetGraph()
_viz_sim_control = nengo_gui.components.SimControl()
_viz_config[_viz_sim_control].kept_time = 4
_viz_config[_viz_sim_control].shown_time = 0.5
_viz_config[model].pos=(0.8968299526033617, 1.4002348370893511)
_viz_config[model].size=(0.3539490436129181, 0.3539490436129181)
_viz_config[model].expanded=True
_viz_config[model].has_layout=True
_viz_config[model.ensembles[0]].pos=(-0.20022101173782852, -1.2093230906066241)
_viz_config[model.ensembles[0]].size=(0.08770991491553419, 0.12411036887910566)
_viz_config[model.ensembles[1]].pos=(1.7130435300492701, 0.019624463726424478)
_viz_config[model.ensembles[1]].size=(0.08244900198810275, 0.11666612674646698)
_viz_config[model.networks[0]].pos=(0.6056814198635625, -0.006118937939505844)
_viz_config[model.networks[0]].size=(0.46850690787564264, 1.2901595052639339)
_viz_config[model.networks[0]].expanded=True
_viz_config[model.networks[0]].has_layout=True
_viz_config[model.networks[0].ea_ensembles[0]].pos=(0.49999999999999994, 0.034482758620689655)
_viz_config[model.networks[0].ea_ensembles[0]].size=(0.06210500017029155, 0.031912331618506845)
_viz_config[model.networks[0].ea_ensembles[1]].pos=(0.49999999999999994, 0.6551724137931034)
_viz_config[model.networks[0].ea_ensembles[1]].size=(0.07630286991667189, 0.03920783321065712)
_viz_config[model.networks[0].ea_ensembles[2]].pos=(0.49999999999999994, 0.5517241379310345)
_viz_config[model.networks[0].ea_ensembles[2]].size=(0.06721621359695093, 0.034538702078168226)
_viz_config[model.networks[0].ea_ensembles[3]].pos=(0.49999999999999994, 0.8620689655172413)
_viz_config[model.networks[0].ea_ensembles[3]].size=(0.06776547945610978, 0.03482093948572219)
_viz_config[model.networks[0].ea_ensembles[4]].pos=(0.49999999999999994, 0.24137931034482757)
_viz_config[model.networks[0].ea_ensembles[4]].size=(0.06363630235034927, 0.032699183286555314)
_viz_config[model.networks[0].ea_ensembles[5]].pos=(0.49999999999999994, 0.9655172413793104)
_viz_config[model.networks[0].ea_ensembles[5]].size=(0.09803921568627451, 0.017241379310344827)
_viz_config[model.networks[0].ea_ensembles[6]].pos=(0.49999999999999994, 0.7586206896551724)
_viz_config[model.networks[0].ea_ensembles[6]].size=(0.04724713647215331, 0.02427769556380194)
_viz_config[model.networks[0].ea_ensembles[7]].pos=(0.49999999999999994, 0.3448275862068965)
_viz_config[model.networks[0].ea_ensembles[7]].size=(0.06680294424192995, 0.03432634576758078)
_viz_config[model.networks[0].ea_ensembles[8]].pos=(0.49999999999999994, 0.44827586206896547)
_viz_config[model.networks[0].ea_ensembles[8]].size=(0.07300023152095345, 0.0375107896326652)
_viz_config[model.networks[0].ea_ensembles[9]].pos=(0.49999999999999994, 0.1379310344827586)
_viz_config[model.networks[0].ea_ensembles[9]].size=(0.058524736244058295, 0.030072631604297885)
_viz_config[model.networks[0].input].pos=(0.12745098039215685, 0.4999999999999999)
_viz_config[model.networks[0].input].size=(0.07843137254901959, 0.013793103448275862)
_viz_config[model.networks[0].output].pos=(0.872549019607843, 0.4999999999999999)
_viz_config[model.networks[0].output].size=(0.07843137254901959, 0.013793103448275862)
_viz_config[stim_s].pos=(-0.6286210905820996, -1.2115763329080635)
_viz_config[stim_s].size=(0.1050210464980037, 0.1121985871424939)
_viz_config[stim_sf].pos=(-0.6353306041079326, -0.8106942694574811)
_viz_config[stim_sf].size=(0.1050210464980037, 0.11931910652299152)
_viz_config[stim_x_j_hat].pos=(-0.615774279119667, 0.1804490942241286)
_viz_config[stim_x_j_hat].size=(0.1050210464980037, 0.5734595991471523)